1 0.12483125 -0.0241375000000001 0.0113281250000001 -0.0601656250000006 -0.209675000000001 -0.082856250000001 -0.0366375000000009 0.021596875 -0.027503125000001 -0.0771312499999999 -0.117678125000001 -0.0682000000000009 -0.0432781249999993 -0.111753125000001 -0.0373812500000003 -0.0146843749999989 0.114275000000001 -0.119665624999999 0.138134375000001 0.0334437500000011 0.0033124999999998 -0.0376406250000001 -0.0965500000000001 -0.0287750000000002 0.103671875 0.0692625000000013 -0.0119125000000001 -0.0201625000000001 0.0184687499999997 -0.0166437500000013 -0.0820906250000003 -0.0909187499999998 0.0908093750000003 -0.08760625 -0.14149375 0.0518718750000005 -0.0109656249999988 0.00973124999999939 -0.13801875 -0.158368750000001 0.15418125 0.0192499999999985 -0.153065625000001 -0.0277843750000003 -0.131084375000001 -0.156631250000001 -0.0489218750000001 0.256968750000001 -0.0187343750000012 0.0210562499999997 -0.0886437500000011 -0.0185531250000011 -0.0221343750000002 -0.0746812500000014 -0.0580687500000009 0.00699687499999993 0.00400624999999985 0.0305593749999998 -0.043484375000001 -0.0067250000000006 -0.200328125000001 -0.149996874999999 -0.0431718749999997 -0.0127500000000002 0.094246875000001 -0.0656312500000002 0.0353937500000002 -0.0122187500000001 -0.0629968749999999 -0.0438624999999995 -0.0495187500000012 -0.0239312500000001 -0.0766906250000008 0.0466656249999997 -0.109943749999999 0.129540625000001 0.111415625000001 -0.0627718749999996 -0.0529906250000001 -0.0172187499999995 -0.0216468749999998 -0.0910749999999996 0.00841875000000006 -0.107109375 -0.0249468750000001 -0.0795000000000006 -0.0733906249999998 -0.006140624999999 0.0372468750000006 0.0073750000000002 0.0276468749999998 -0.00956250000000009 0.0482093750000011 -0.0903937499999998 -0.0796843750000011 -0.107937500000001 -0.0833062500000006 -0.0665406250000012 0.0836656250000002 -0.023987500000001
2 -0.0241375000000001 0.38444208984375 0.00982958984374996 0.0884431640625 0.1836978515625 0.0636599609375001 0.0468977539062501 -0.0393953125 0.11207685546875 0.1221080078125 0.0580375000000002 0.0811726562500001 0.00335839843749987 0.19782001953125 0.06091513671875 -0.0127677734375002 -0.0460616210937503 0.21993603515625 -0.18952021484375 -0.13579052734375 -0.0298279296875 0.0989482421875 0.040015625 0.11927001953125 0.0398895507812499 0.0792049804687497 0.05297724609375 0.0687826171875 0.1145369140625 0.0448470703125002 -0.20872724609375 0.1189056640625 -0.08964248046875 0.1639501953125 0.12480703125 -0.0150980468750001 -0.19302373046875 0.000302050781250128 0.031987890625 0.0843923828125001 -0.27441123046875 -0.0571509765624997 0.119412109375 0.04421953125 0.0480023437500002 0.2007544921875 0.036435546875 -0.14789833984375 0.1404548828125 -0.1011734375 0.31837744140625 0.1049267578125 0.0529083984375 0.0336947265625003 -0.0112140624999998 -0.01753134765625 0.03446328125 -0.1082474609375 0.14952041015625 -0.0311646484374999 0.0373748046875002 0.14916630859375 -0.0120259765625 0.0220685546875 0.0490549804687498 -0.0277712890625 -0.12793564453125 -0.0743275390624999 0.2257416015625 0.0452794921874999 0.30789560546875 0.055644921875 0.0286666992187501 -0.0601446289062499 -0.0868771484375 -0.1416796875 -0.1705861328125 0.02048740234375 0.02848544921875 0.2316314453125 -0.1050830078125 0.16095625 -0.05305810546875 0.0510553710937499 0.05497783203125 0.0558097656250001 -0.06270283203125 0.12253330078125 0.0830441406249998 -0.0223408203125 -0.0272469726562499 -0.0918199218749999 -0.17394228515625 0.02519736328125 0.18099423828125 0.0970812500000001 -0.0536815429687498 0.0969873046875002 0.12498935546875 0.1623802734375
3 0.0113281250000001 0.00982958984374996 0.06980458984375 -0.00155683593750019 -0.0661396484375004 -0.0251650390625003 0.0185415039062497 -0.0295703125 -0.00995439453125029 -0.0340107421875 -0.00549687500000032 0.0172289062499997 0.0251021484375002 -0.00671123046875024 0.0125682617187499 0.0637822265625003 0.0150915039062504 -0.0148702148437498 0.0320579101562504 -0.0213780273437497 0.0423751953124999 -0.0308267578125 -0.00705625000000005 -0.00250185546875005 0.02677392578125 0.0334581054687504 0.03119912109375 -0.0123955078125 0.00690878906249991 0.0995876953124995 -0.10191162109375 -0.0554599609374999 0.0191950195312501 -0.0147373046875 0.03657265625 0.0178363281250001 -0.0275518554687496 -0.0110104492187502 0.00492226562499994 -0.0533513671875003 0.00659814453125011 0.0560552734374995 -0.0125566406250002 0.0260382812499999 0.0381679687499996 0.0141794921874997 0.0304667968749999 0.0647422851562503 -0.0352919921875003 0.00842968749999991 -0.0865069335937503 -0.0237013671875003 0.0103552734374999 0.00277597656249958 -0.0302765625000002 0.02105927734375 0.0503976562499999 0.0158087890624999 0.00819228515624969 0.0220697265624998 -0.000531445312500336 -0.0352149414062499 -0.00654785156249993 -0.0119689453125001 0.0523299804687503 0.00846621093749994 -0.00192939453124994 -0.0170119140625 0.0398041015625 -0.0103798828124999 0.11352998046875 -0.026639453125 -0.00785517578125025 0.0123147460937499 -0.0507646484374999 0.0973828125000002 -0.0113861328124996 0.00968427734375008 0.0578104492187499 -0.0163060546874999 -0.1153798828125 0.0367500000000001 -0.03144248046875 -0.0148915039062499 -0.02911591796875 0.00256914062499981 -0.0326934570312499 0.00228642578125028 0.0493128906250001 0.0130341796875001 -0.03556884765625 -0.00512617187500002 -0.00129853515624968 0.00138173828125002 -0.0328370117187503 0.0162937499999997 -0.0588127929687502 -0.0104876953125004 -0.0795543945312499 -0.0141478515625003
4 -0.0601656250000006 0.0884431640625 -0.00155683593750019 0.352090234375001 0.220368359375002 0.0608535156250013 0.0120052734375011 -0.0800218749999999 0.209758007812501 0.112901171875 0.155656250000001 -0.0908765624999988 0.0154066406249991 0.266701367187501 0.0937345703125004 0.0554121093749987 -0.0583072265625018 0.174706835937499 -0.132783789062502 -0.113252539062501 0.0560199218750002 0.00278320312500018 0.0709562500000002 0.0226607421875002 -0.0536501953125 0.00489550781249832 -0.0763052734374998 0.0370675781250001 0.0187246093750003 0.0469949218750016 -0.156944726562499 0.0729871093749998 -0.0617830078125005 -0.0359394531249999 0.0756296874999999 -0.0071007812500007 -0.0990392578125014 -0.115647070312499 0.0923773437500001 0.146273046875001 -0.1579642578125 0.0699410156250019 0.102319531250001 0.0567328125000004 0.175632812500001 0.165570703125001 0.10094140625 -0.140093164062501 0.0016167968750015 -0.1522 0.0657083984375014 -0.00198007812499864 0.0200722656250003 0.133574609375002 -0.0197781249999988 0.0555431640625 0.00937343750000018 -0.0440597656249998 0.0353880859375013 0.0408621093750007 0.162526953125001 0.235082226562499 0.00991914062499972 0.0193394531250002 0.0848705078124986 0.0901503906250002 -0.0231076171875002 -0.0207214843749998 0.220290234375 0.0390363281249994 0.198201757812501 -0.0176617187499999 0.130443945312501 -0.00339277343749973 0.0756839843749994 -0.0922031250000012 -0.278048046875001 0.1070994140625 0.0830658203125002 -0.0269894531250006 -0.0288574218750003 0.17455625 0.1478638671875 0.1368291015625 0.0596857421875 0.109471093750001 -0.0213638671875001 -0.0257283203125012 -0.0459476562500008 -0.0798917968750002 0.0719244140625002 0.0162085937500001 -0.122772460937501 0.1383810546875 0.131790429687501 0.0660812500000012 -0.0974080078124991 0.0327675781250015 -0.1688076171875 0.0960503906250012
5 -0.209675000000001 0.1836978515625 -0.0661396484375004 0.220368359375002 1.275283984375 0.668944140625002 0.142603710937502 -0.226246875 0.240109570312502 0.459032421875 0.376250000000002 0.281460937500002 0.301109765624998 0.766381054687501 0.219954882812501 -0.424287890625002 -0.331646289062504 0.771124023437498 -0.602969726562503 -0.385838476562502 -0.0247300781249995 0.119620703125 0.30503125 0.2370841796875 -0.3274111328125 -0.272637304687503 -0.1710099609375 0.0208207031250003 -0.269012890624999 -0.0155238281249968 0.015322460937501 0.450115234374999 -0.394881445312501 0.426544921875 0.6927859375 -0.194225781250001 -0.261409570312503 0.360945117187501 0.44804296875 0.624473046875002 -0.481434570312501 -0.0133652343749961 0.474028906250002 0.118567187500001 0.247007812500003 0.535692578125002 0.23689453125 -0.328307226562503 0.045941796875003 -0.0470749999999992 0.256409960937503 -0.0186207031249971 0.0509847656250005 0.563371484375003 0.337471875000002 0.0714603515625001 0.0161109375000004 -0.0261503906249997 0.266661523437502 -0.0247253906249984 0.432339453125003 0.712158789062498 0.305656640624999 0.180464453125 -0.306440429687502 0.221081640625 -0.5006935546875 0.0725566406250003 0.409843359375 0.128364453124999 0.198975195312503 0.26495703125 0.258295507812502 -0.0347818359374994 -0.129556640625001 -0.296087500000002 -0.679154296875003 0.0624541015624991 0.1560080078125 0.0898136718749988 -0.253744921875 0.168724999999999 0.2858685546875 0.367577539062499 0.1877123046875 0.471742968750001 0.0450970703124996 -0.113339257812502 0.113111718749998 0.166786328124999 0.0216447265625004 0.11333359375 -0.437995898437503 0.1328044921875 0.371438867187503 0.141015625000002 0.162568554687502 0.105214453125003 -0.0990529296875007 0.313025390625002
6 -0.082856250000001 0.0636599609375001 -0.0251650390625003 0.0608535156250013 0.668944140625002 0.791558984375001 0.189897851562502 -0.0838249999999999 0.155613867187502 0.267851953125 0.329590625000002 0.244314062500002 0.0789746093749985 0.558736132812501 0.2350654296875 -0.368633984375002 -0.174555273437503 0.267436914062499 -0.343116210937503 -0.242672460937502 0.00923320312500037 0.115685546875 0.106753125 0.0981673828125003 -0.0863685546875001 -0.0973517578125027 -0.1712916015625 0.00947304687500027 -0.0938058593749993 0.0789894531250025 -0.109695898437499 0.156406640625 -0.240598242187501 0.161608203125 0.3552703125 -0.0904148437500011 -0.0880857421875023 0.190293945312501 0.14184453125 0.330823828125002 -0.184560742187501 0.0011058593750031 0.143999218750002 0.0806109375000006 0.0289421875000023 0.286988671875002 0.10951484375 -0.115566210937502 -0.0854011718749975 -0.00780624999999941 0.0175978515625024 0.110973828125002 0.0294058593750004 0.386266015625003 0.220825000000002 0.2346068359375 -0.0207328124999997 0.0354941406250002 0.0237119140625021 -0.0815058593749987 0.316826171875002 0.350380273437499 0.151680859374999 0.0895605468750003 -0.105886132812502 0.173908984375 -0.2862736328125 -0.197456640625 0.205578515625 0.255829296874999 0.306395117187502 0.0431867187500002 0.0647716796875017 -0.0240197265624995 -0.0987652343750008 -0.080200000000002 -0.341789453125002 -0.106515039062501 0.0501466796875003 0.117264453124999 -0.196911328125 -0.0908750000000006 0.1785111328125 0.0875708984374995 0.2712923828125 0.108685156250001 0.0902076171874997 -0.200309179687502 0.0126601562499988 -0.00292070312500039 0.0291474609375003 0.0583351562500001 -0.235611914062502 -0.1525748046875 0.324772070312502 0.108578125000002 0.117064257812501 0.118010546875002 -0.0351173828125005 0.191962109375002
7 -0.0366375000000009 0.0468977539062501 0.0185415039062497 0.0120052734375011 0.142603710937502 0.189897851562502 0.555968652343751 0.0789296874999999 0.150894238281252 -0.0933314453125001 0.0742406250000019 0.0605054687500015 0.00491191406249879 0.156221386718751 0.24279658203125 -0.132196289062502 -0.0845719726562525 0.0554147460937491 -0.143482128906252 0.104219433593748 0.00716386718750033 0.0350251953125002 -0.0268937499999997 -0.0750661132812496 -0.0927450195312501 -0.0768401367187523 -0.0931592773437497 -0.0895435546874997 -0.143529101562499 0.0645013671875021 0.00766552734375068 0.0133208984374998 -0.102131738281251 0.0466732421875001 0.12763984375 0.033951171874999 -0.090234863281252 -0.162791894531249 0.0157339843750003 0.062721679687502 -0.0414442382812507 -0.211425585937497 -0.0627339843749986 0.00945546875000054 0.134078906250002 0.147668945312502 0.134842578125 -0.118175878906252 -0.0374095703124979 0.0468765625000005 0.111338964843752 -0.078659570312498 -0.1303849609375 0.166859960937503 0.228579687500002 -0.00904755859374988 0.0762304687500002 0.0123115234375002 0.0449553710937518 0.031803710937501 0.225826757812502 -0.00504521484375074 0.1014837890625 0.1247111328125 -0.0478995117187518 -0.0673365234374996 0.0164379882812496 -0.1666083984375 -0.0147806640625001 0.0382658203124992 -0.0265682617187479 -0.0921355468749998 0.0414793945312515 -0.0372061523437496 0.00344121093749926 -0.0562515625000017 -0.0306373046875021 -0.15937880859375 -0.0310987304687497 -0.0603080078125008 -0.1043591796875 -0.101990625000001 -0.0462067382812501 0.16477822265625 0.11894169921875 0.0354277343750011 -0.0284135742187502 0.0702206054687482 0.111921484374999 -0.3582732421875 0.0363555664062503 0.0205011718750001 -0.00802412109375196 -0.0692747070312502 -0.199849707031248 0.105056250000002 0.0745791992187511 -0.151920117187498 0.0314067382812494 0.0912494140625018
8 0.021596875 -0.0393953125 -0.0295703125 -0.0800218749999999 -0.226246875 -0.0838249999999999 0.0789296874999999 0.318425 0.0172265625 -0.0943999999999999 -0.0539593749999999 -0.13125 -0.174696875 -0.1371015625 0.0707046874999999 -0.077165625 0.0468984375 -0.2068421875 0.2815484375 0.1907484375 -0.12390625 -0.107225 -0.165734375 -0.1244171875 0.0274859375 -0.0301390625 -0.0231109375 -0.04890625 0.041765625 -0.066115625 -0.0171765625 -0.113453125 0.0448734375 -0.120434375 -0.27783125 0.010946875 0.2359421875 -0.1840984375 -0.180196875 -0.327103125 0.2612796875 -0.0636156249999999 -0.0646531249999999 -0.10640625 -0.12558125 -0.12 -0.08605625 0.0618703125 0.12168125 0.181025 0.1277296875 0.0578906249999999 -0.04881875 -0.237109375 -0.105609375 -0.0494234375 -0.117940625 -0.0642312499999999 -0.2260453125 0.000787500000000011 -0.139475 -0.2477234375 -0.115228125 -0.120803125 0.0508953124999999 -0.0964437499999999 0.2137203125 -0.157740625 -0.289584375 -0.170828125 -0.3074265625 -0.274521875 -0.0984390624999999 -0.1178484375 0.023409375 0.026940625 0.295684375 -0.0428578125 -0.1511328125 0.087946875 0.028546875 -0.045846875 -0.0575703124999999 -0.0984609375 -0.0520171875 -0.04245 -0.0527890625 0.1517484375 -0.0898093749999999 -0.26791875 -0.0668140624999999 -0.100228125 0.2080140625 -0.0818515624999999 -0.0205390625 0.001846875 0.1160140625 -0.02075625 0.0718140625 -0.160809375
9 -0.027503125000001 0.11207685546875 -0.00995439453125029 0.209758007812501 0.240109570312502 0.155613867187502 0.150894238281252 0.0172265625 0.634203808593751 0.0839853515624998 0.205496875000002 0.0206164062500017 0.127337304687499 0.327736816406251 0.26763583984375 -0.044531054687502 -0.146302636718753 0.247510644531249 -0.137845605468753 -0.054265917968752 0.0343712890625003 0.1695552734375 -0.0261812499999997 -0.0629256835937496 -0.0612061523437501 -0.0316211914062526 -0.25361298828125 -0.00529160156249974 -0.128157617187499 0.0157306640625025 -0.151337011718749 0.1346861328125 -0.0864788085937507 -0.00368183593749988 0.00215390624999988 -0.0202902343750011 0.0398930664062477 -0.157481152343749 0.0196519531250003 -0.0764021484374977 -0.0791913085937507 -0.091506445312497 0.0171761718750015 0.0437726562500006 0.107652343750002 0.179830273437502 0.0473746093750003 -0.0374674804687523 0.132619726562502 -0.00380781249999944 0.113923925781252 -0.0178677734374978 -0.0720939453124995 0.102259570312503 0.166298437500002 -0.0303559570312499 -0.0264648437499997 -0.0441357421874997 -0.0850393554687479 -0.0345279296874988 0.0308380859375023 0.147822949218749 0.150143554687499 -0.0600650390624996 -0.059133691406252 0.1105419921875 -0.0515274414062504 0.0718701171875002 0.1555314453125 -0.100747851562501 0.0670163085937523 -0.0707097656249998 0.000628027343751648 -0.0862911132812495 0.238059570312499 -0.0269734375000019 -0.233494726562502 0.185415917968749 -0.0479375976562497 0.132124414062499 0.0583490234374995 0.117537499999999 0.11383369140625 0.233437011718749 0.10616025390625 0.0888394531250011 -0.13744775390625 -0.0553092773437519 -0.0422605468750012 -0.1746337890625 0.11295966796875 -0.0446371093749998 -0.0527543945312521 -0.16681083984375 0.261157910156252 0.0603093750000019 -0.00935537109374876 0.129425585937502 0.0508694335937494 0.108406054687502
10 -0.0771312499999999 0.1221080078125 -0.0340107421875 0.112901171875 0.459032421875 0.267851953125 -0.0933314453125001 -0.0943999999999999 0.0839853515624998 0.599855859375 0.1889375 0.1292171875 0.092142578125 0.3220302734375 0.0489650390624999 -0.111126953125 -0.1851345703125 0.2713451171875 -0.2042705078125 -0.2823486328125 -0.046947265625 -0.041040234375 0.166425 0.1499615234375 -0.0483212890624999 -0.0527583984374998 -0.1124591796875 -0.067221484375 -0.00219570312500002 -0.0474660156250001 -0.0697595703125 0.265988671875 -0.1772041015625 0.295487109375 0.1692234375 -0.14398515625 -0.1012447265625 0.1587130859375 0.25516171875 0.231749609375 -0.1857259765625 0.0610363281249998 0.45918515625 -0.00847656250000003 0.0669671874999998 0.207412890625 0.0951195312499999 -0.2583986328125 -0.091909765625 -0.131584375 0.0555529296874998 -0.098887890625 0.0641894531249999 0.0225605468749998 0.130690625 0.0341517578125 -0.0490484375 0.013841796875 0.0458701171874998 -0.074895703125 0.103159765625 0.3293658203125 0.055380078125 -0.058912109375 -0.1057302734375 0.122523828125 -0.1696427734375 -0.072660546875 0.170544921875 0.129881640625 -0.00369277343750009 0.03666953125 0.2329306640625 -0.00372167968750006 -0.197098828125 -0.16770625 -0.314943359375 0.0828080078125 0.0319900390624999 0.243027734375 -0.187612109375 0.144325 0.1522865234375 0.0534720703125 0.1868896484375 0.21259921875 -0.1154833984375 0.0395412109375001 0.04540546875 0.148412890625 -0.1040638671875 0.0995679687499999 -0.2521951171875 -0.0177650390625 0.4509568359375 0.0190124999999999 -0.0662791015625 0.0779597656249998 0.0506572265625 0.00858007812499987
11 -0.117678125000001 0.0580375000000002 -0.00549687500000032 0.155656250000001 0.376250000000002 0.329590625000002 0.0742406250000019 -0.0539593749999999 0.205496875000002 0.1889375 0.697687500000002 -0.00518124999999807 0.0311999999999985 0.307628125000001 0.181003125000001 -0.0559093750000022 -0.199603125000003 0.252696874999999 -0.253987500000003 -0.138859375000002 0.0724281250000004 0.116721875 0.0677437500000003 0.0472906250000004 -0.108725 -0.168118750000003 -0.0251937499999998 0.0418687500000003 -0.0926156249999994 -0.0912468749999972 -0.0369687499999992 0.229853125 -0.147468750000001 0.12508125 0.0724593749999998 -0.0394593750000012 0.0408468749999975 -0.111990624999999 0.28238125 0.451775000000002 -0.223109375000001 -0.0797156249999968 0.281809375000002 0.0216125000000007 0.179746875000002 0.275834375000002 -0.0568562499999996 -0.204459375000002 -0.216415624999997 -0.0104343749999994 0.110656250000002 0.0411781250000023 0.0691937500000005 0.239515625000003 0.00289375000000205 0.0302312500000001 0.110678125 -0.1028125 0.0775156250000022 0.00182500000000128 0.261456250000002 0.279528124999999 0.173771874999999 0.0881843750000004 -0.247293750000002 0.123015625 -0.0901031250000004 -0.0175656249999998 0.1741 0.0951218749999989 0.347306250000002 -0.0335468749999998 0.216068750000002 -0.0505218749999995 -0.00388125000000085 -0.122146875000002 -0.249009375000002 0.0913218749999993 0.0325875000000003 0.173765624999999 0.00177812499999957 0.324581249999999 0.0450062499999998 0.109790624999999 0.0777593750000001 0.202471875000001 0.0390687499999997 0.0598437499999978 -0.0610187500000012 0.0479749999999995 -0.00310312499999961 0.0304750000000002 -0.227106250000002 0.0542843749999997 0.452559375000002 0.0345156250000021 0.156250000000001 0.0302062500000027 -0.13451875 -0.0252468749999978
12 -0.0682000000000009 0.0811726562500001 0.0172289062499997 -0.0908765624999988 0.281460937500002 0.244314062500002 0.0605054687500015 -0.13125 0.0206164062500017 0.1292171875 -0.00518124999999807 0.771468750000001 0.199685937499999 0.0953804687500013 0.0439226562500005 -0.159285937500002 -0.0481882812500026 0.326358593749999 -0.0211539062500024 -0.233128906250002 0.0115671875000003 0.0788265625000002 0.180084375 0.13815234375 -0.0921539062500001 0.0374289062499976 0.0675976562500001 -0.0856296874999997 -0.158932812499999 0.0294171875000022 0.0346429687500007 -0.00421718750000022 -0.126941406250001 0.1653515625 0.239115625 -0.0484531250000009 -0.105947656250002 0.105761718750001 0.11431875 0.180792187500002 -0.186422656250001 -0.190967187499997 -0.153084374999998 -0.0128968749999994 -0.00482499999999801 0.0879390625000018 0.0873468750000003 -0.220153906250002 -0.102651562499998 -0.00131874999999951 -0.169919531249998 0.185320312500002 0.0174484375000004 0.0757234375000026 0.0759968750000016 0.11154453125 0.0205093750000003 0.0838828125000002 0.180592968750002 -0.0804984374999989 0.021014062500002 0.103497656249999 0.0947359374999995 -0.1411609375 -0.0110523437500018 0.0452359375000003 -0.19468671875 -0.0799546874999997 0.2332921875 -0.115026562500001 0.105691406250002 0.0748281250000002 -0.143530468749998 -0.0558117187499996 -0.0380328125000007 0.0441781249999983 -0.196589062500002 0.0558539062499994 0.0444320312500002 0.0391078124999992 0.167567187499999 -0.1892875 -0.15893515625 -0.0241710937500004 0.0928398437500001 0.0482156250000011 -0.0347835937500002 0.187214843749998 0.00399999999999894 0.1308203125 -0.0789804687499996 0.0404750000000001 -0.0390992187500019 -0.10383515625 0.289139843750002 0.108531250000002 -0.164944531249999 0.0957890625000021 -0.0172429687500004 0.199626562500002
13 -0.0432781249999993 0.00335839843749987 0.0251021484375002 0.0154066406249991 0.301109765624998 0.0789746093749985 0.00491191406249879 -0.174696875 0.127337304687499 0.092142578125 0.0311999999999985 0.199685937499999 0.477590234375001 0.144212695312499 0.0311794921874995 -0.0289433593749986 -0.132616210937498 0.3096541015625 -0.196345898437498 -0.0434740234374985 0.137451953125 0.0722605468749998 0.0542406249999997 0.0549189453124997 -0.1278732421875 -0.0996845703124981 -0.1441400390625 0.00464804687499983 -0.202930859375 0.0232894531249983 0.158330664062499 0.0963066406250001 -0.109887304687499 0.0738394531249999 0.2838046875 -0.0616898437499992 -0.117940429687498 0.306411132812499 0.14561953125 0.0603769531249984 -0.259671679687499 -0.0297035156250019 -0.000363281250001067 0.0262171874999996 0.0954078124999985 0.0803136718749985 0.15202109375 -0.00487089843749833 -0.0132199218750016 0.0240406249999996 -0.0564318359375015 -0.240032421875001 0.104340234375 0.201147265624998 0.137353124999999 -0.0338384765625001 0.1060546875 0.0595253906249998 0.272463476562498 0.0078097656249992 0.0868167968749984 0.1533818359375 0.137690234375 0.00187304687499976 -0.269143945312498 0.0461246093749997 -0.304600195312499 0.139002734375 0.163584765625 -0.0880832031249994 0.130121679687498 0.30177109375 -0.00354550781250111 0.0623005859374997 -0.0253214843749994 0.0566406250000013 -0.258167578124998 0.0461833984375004 0.1043169921875 -0.158898046874999 0.0538355468750003 -0.0031656249999996 0.0324626953125001 0.2531724609375 -0.0591560546875 0.122775781249999 -0.0281845703124998 0.0329267578125013 0.250416406250001 0.110991796875 -0.0631166015625002 0.0283726562499999 -0.105463476562498 0.0447517578125002 -0.116720117187501 0.0795437499999987 -0.0647154296875008 -0.0243519531250016 -0.1857251953125 0.154512109374999
14 -0.111753125000001 0.19782001953125 -0.00671123046875024 0.266701367187501 0.766381054687501 0.558736132812501 0.156221386718751 -0.1371015625 0.327736816406251 0.3220302734375 0.307628125000001 0.0953804687500013 0.144212695312499 0.872760058593751 0.35895166015625 -0.205097070312502 -0.230653613281252 0.455345605468749 -0.431291894531252 -0.200046582031252 0.0162224609375003 0.1802197265625 0.0370843750000002 0.0459413085937503 -0.12840634765625 -0.0686444335937521 -0.22570263671875 0.1212197265625 -0.0829580078124995 0.0658162109375019 -0.235787988281249 0.1812919921875 -0.24521806640625 0.1233693359375 0.29288359375 -0.116072265625001 -0.178718066406252 0.131293652343751 0.211157421875 0.211170898437502 -0.250258691406251 0.0536376953125023 0.240664453125001 0.0829648437500004 0.231728906250002 0.374613476562501 0.201028515625 -0.144541894531252 0.0130427734375019 -0.0667265624999995 0.127329199218752 -0.00598535156249829 -0.0645248046874996 0.491115429687502 0.195245312500001 0.07464345703125 0.0382210937500002 -0.0269142578124998 0.100186230468752 -0.104406445312499 0.304783789062502 0.463002050781249 0.1709876953125 0.0963369140625002 -0.172741308593752 0.1073455078125 -0.40518193359375 -0.0846513671874998 0.3653841796875 0.214894726562499 0.465743066406252 0.0329535156250001 0.199975097656251 -0.00879013671874966 -0.0268064453125006 -0.160323437500001 -0.525252148437502 -0.0196034179687505 0.10351259765625 0.233597460937499 -0.1973677734375 0.169190624999999 0.17545068359375 0.147850488281249 0.19002099609375 0.269707421875001 -0.13264912109375 -0.153137597656251 0.053754296874999 -0.1694005859375 -0.00116591796874973 0.0212339843750001 -0.190951855468752 0.00818271484374979 0.338813964843752 0.0924062500000015 0.018702246093751 0.0918306640625019 -0.16834443359375 0.329562695312501
15 -0.0373812500000003 0.06091513671875 0.0125682617187499 0.0937345703125004 0.219954882812501 0.2350654296875 0.24279658203125 0.0707046874999999 0.26763583984375 0.0489650390624999 0.181003125000001 0.0439226562500005 0.0311794921874995 0.35895166015625 0.55525537109375 0.0328392578124993 -0.138522167968751 0.0910754882812496 0.0179723632812492 -0.0100135742187507 0.0137416015625001 0.0968755859375 -0.0441124999999999 -0.0516514648437498 -0.06312880859375 -0.0524172851562508 -0.19359658203125 0.0825287109375 0.00245644531250016 0.0326416015625007 -0.17829091796875 0.0200158203124999 -0.0580358398437502 -0.0601458984374999 0.000303906249999975 -0.0111027343750003 0.0608422851562492 -0.0784631835937496 0.00744882812500009 0.0757587890625007 0.0405579101562497 -0.057586132812499 -0.0353332031249995 -0.0346617187499998 0.193449218750001 0.138963085937501 0.052121484375 -0.0136807617187508 -0.130556835937499 0.0264078125000002 0.100251269531251 -0.0604224609374993 -0.1204205078125 0.0482798828125009 0.0131921875000006 0.02065107421875 0.0564539062500001 -0.00469667968749993 -0.0780995117187493 -0.0481669921874996 0.0971271484375007 0.0437018554687497 0.0563513671874998 0.0439427734375001 0.0682139648437493 -0.0550814453124998 -0.10366103515625 -0.1029533203125 0.1005298828125 0.0422130859374997 0.0717858398437507 -0.290166015625 0.0397225585937505 -0.0288590820312499 -0.0929919921875001 -0.0240578125000006 -0.154393164062501 -0.0113051757812502 0.0675319335937501 0.1655416015625 -0.1049556640625 0.00281874999999981 0.0324235351562499 0.0260502929687498 -0.0430967773437499 0.207876953125 -0.03820634765625 -0.0354131835937506 -0.200326171875 -0.3229041015625 -0.0454739257812499 0.017047265625 0.0495151367187493 -0.14489287109375 0.157369628906251 -0.102321874999999 0.0793782226562503 0.0253615234375008 -0.15671103515625 0.0766013671875006
16 -0.0146843749999989 -0.0127677734375002 0.0637822265625003 0.0554121093749987 -0.424287890625002 -0.368633984375002 -0.132196289062502 -0.077165625 -0.044531054687502 -0.111126953125 -0.0559093750000022 -0.159285937500002 -0.0289433593749986 -0.205097070312502 0.0328392578124993 0.644677734375002 -0.019683789062497 -0.263416601562499 0.106942773437503 0.124283398437502 0.115394921875 0.0437363281249997 -0.0572437500000003 -0.0437845703125003 0.0876607421875001 0.223387695312503 0.0696337890624998 0.0642238281249997 0.130883984374999 0.0665011718749974 0.0183755859374992 0.0271308593750002 0.104337304687501 -0.0304457031250002 -0.0863828124999999 0.0442742187500011 0.0450279296875023 -0.0894455078125012 0.0381773437499997 0.100491796874998 0.111940429687501 0.0617253906249969 -0.0745617187500015 0.00380781249999938 0.168214062499998 -0.094648046875002 -0.0652023437500003 -0.115197851562497 -0.0819238281250024 -0.1497125 -0.0943306640625023 -0.124486328125002 -0.113208984375 -0.226209765625003 -0.0922375000000019 -0.0671396484375001 0.0922484374999997 -0.105837890625 -0.093257226562502 0.00895898437499877 0.0236238281249976 -0.136013085937499 -0.0778152343749995 0.0273894531249996 0.123056445312502 -0.0242558593750004 0.1219845703125 0.153366015625 0.0137152343750001 0.169792578125001 0.170993945312497 -0.10300546875 0.0705923828124983 0.0602025390624995 0.137412109375001 -0.040849999999998 0.0606113281250025 0.141244726562501 0.0517423828124996 0.0126386718750009 0.0490050781250004 0.106556250000001 -0.0606376953124998 0.0146150390625005 -0.0531376953125001 -0.114057031250001 -0.0286029296874997 -0.076792382812498 -0.257635156249999 0.0270488281250004 -0.0768271484375003 0.0353148437499998 0.0673447265625022 0.1382013671875 -0.106898632812502 -0.038390625000002 -0.0253814453125013 0.105058203124997 -0.0512998046874994 -0.133658984375002
17 0.114275000000001 -0.0460616210937503 0.0150915039062504 -0.0583072265625018 -0.331646289062504 -0.174555273437503 -0.0845719726562525 0.0468984375 -0.146302636718753 -0.1851345703125 -0.199603125000003 -0.0481882812500026 -0.132616210937498 -0.230653613281252 -0.138522167968751 -0.019683789062497 0.302118652343754 -0.224516503906248 0.217461621093754 0.0192506835937531 -0.0925798828125005 -0.0327060546875004 -0.16045625 -0.0252536132812505 0.15266435546875 0.0791254882812538 0.11103134765625 0.0145470703124996 0.120695898437499 0.00652324218749639 -0.084675097656251 -0.304075976562499 0.169602636718751 -0.1735111328125 -0.18391328125 0.0696417968750015 -0.0323286132812467 -0.0385543945312517 -0.226362890625 -0.220890820312503 0.0944245117187511 0.0497900390624956 -0.212112109375002 -0.0476851562500009 -0.224374218750003 -0.197552929687503 -0.0364417968750005 0.196989746093753 0.0614841796874965 0.00981406249999917 -0.0899860351562533 0.133643554687497 0.0615587890624993 -0.199696289062504 -0.170917187500003 -0.0110475585937502 -0.0307164062500004 0.0793833984374996 -0.0601196289062529 0.00475996093749827 -0.204379492187503 -0.253282714843749 -0.142200585937499 0.00103300781249945 0.288078613281253 -0.1271427734375 0.15438173828125 -0.0216208984375003 -0.0660837890624999 -0.165415429687499 -0.134462011718753 -0.0111136718750003 -0.226886230468752 0.0636750976562493 -0.0573806640624988 0.166464062500003 0.209597070312503 -0.117094433593749 -0.0687331054687505 -0.0766236328124987 0.0754189453125005 -0.051706249999999 -0.10790048828125 -0.143831152343749 -0.0680739257812501 -0.121672265625002 -0.0855510742187496 0.0119987304687528 0.0580089843750017 0.0230111328125005 0.0154805664062495 -0.0479550781250002 0.0901071289062531 -0.0197934570312496 -0.194059082031253 -0.0468250000000028 -0.102973925781252 -0.00345449218750358 0.0278004882812508 -0.139934960937503
18 -0.119665624999999 0.21993603515625 -0.0148702148437498 0.174706835937499 0.771124023437498 0.267436914062499 0.0554147460937491 -0.2068421875 0.247510644531249 0.2713451171875 0.252696874999999 0.326358593749999 0.3096541015625 0.455345605468749 0.0910754882812496 -0.263416601562499 -0.224516503906248 0.98725458984375 -0.376648535156248 -0.222328222656249 0.1474748046875 0.0527455078124998 0.36136875 0.0535612304687498 -0.22461142578125 -0.266367480468749 -0.00833349609375007 -0.0125794921875001 -0.2433025390625 -0.0287939453125012 -0.0910227539062503 0.3378755859375 -0.245888769531249 0.3518810546875 0.40327421875 -0.0480832031249995 -0.175160644531249 0.255026074218749 0.339390234375 0.419101367187499 -0.460098144531249 -0.0796240234375014 0.184406640624999 0.12772734375 0.141735156249999 0.421892382812499 0.228292578125 -0.257020410156249 0.00746386718749889 -0.0765328125000002 0.0921850585937488 -0.182683007812501 0.0531916015624997 0.327980273437498 0.166939062499999 0.0534813476562499 0.0419148437499998 0.1021818359375 0.393401464843749 -0.0327197265625006 0.314959570312499 0.59728994140625 0.3440353515625 -0.0170216796875002 -0.254973730468749 0.1262900390625 -0.31556748046875 0.2145244140625 0.5261958984375 0.0958267578125004 0.246245019531249 0.235276953125 0.0537083007812492 -0.0787147460937501 -0.0631072265624996 -0.092367187499999 -0.520013867187498 0.12317509765625 0.21039580078125 0.1489279296875 -0.0604638671874997 0.0702906250000003 0.10476123046875 0.30496025390625 0.16461279296875 0.539174609374999 0.00133720703125009 0.018785449218751 0.152140234375001 0.1552345703125 0.0265282226562498 0.108460546875 -0.299788964843749 0.0401401367187501 0.351802636718749 0.0154093749999991 -0.0774403320312505 0.116418945312499 -0.11403935546875 0.302350976562499
19 0.138134375000001 -0.18952021484375 0.0320579101562504 -0.132783789062502 -0.602969726562503 -0.343116210937503 -0.143482128906252 0.2815484375 -0.137845605468753 -0.2042705078125 -0.253987500000003 -0.0211539062500024 -0.196345898437498 -0.431291894531252 0.0179723632812492 0.106942773437503 0.217461621093754 -0.376648535156248 0.768529589843753 0.205234277343753 -0.0606408203125005 -0.1824263671875 -0.13533125 -0.14413251953125 0.12775107421875 0.0875637695312535 0.0203415039062497 -0.1827982421875 0.113431835937499 -0.0496595703125033 -0.053579003906251 -0.299365039062499 0.232489355468751 -0.3070189453125 -0.41171015625 0.0875949218750014 0.305670605468753 -0.234386425781251 -0.347394140625 -0.539136132812502 0.573829980468751 0.015966601562496 -0.302462109375002 -0.170391406250001 -0.251971093750003 -0.382591992187502 -0.235194921875 0.370607714843753 -0.125258007812503 0.228142187499999 -0.241146191406253 0.0594732421874971 -0.102477148437501 -0.476316601562504 -0.278870312500002 0.0307000976562498 -0.14175703125 0.0108880859374996 -0.320814160156253 0.0339365234374984 -0.452424804687503 -0.423322558593749 -0.155299023437499 -0.2808435546875 0.342201269531252 -0.1270474609375 0.32413564453125 -0.1285599609375 -0.3844009765625 -0.294145117187498 -0.429236230468753 -0.448604296875 -0.250032324218752 -0.0716772460937505 -0.0443947265624989 0.369167187500002 0.435436132812503 0.0444532226562508 -0.11951357421875 -0.0514064453124988 0.0732923828125005 -0.135753124999999 -0.11646376953125 -0.296233496093749 -0.23470283203125 -0.0963378906250016 -0.0561409179687496 0.132951074218753 -0.231219140624998 -0.101921679687499 -0.12500927734375 -0.0885082031250002 0.408229785156253 -0.16536298828125 0.00794951171874693 -0.187465625000002 -0.115037207031252 -0.0601498046875032 -0.100708105468749 -0.279227148437503
20 0.0334437500000011 -0.13579052734375 -0.0213780273437497 -0.113252539062501 -0.385838476562502 -0.242672460937502 0.104219433593748 0.1907484375 -0.054265917968752 -0.2823486328125 -0.138859375000002 -0.233128906250002 -0.0434740234374985 -0.200046582031252 -0.0100135742187507 0.124283398437502 0.0192506835937531 -0.222328222656249 0.205234277343753 0.540901464843752 0.0842748046874996 0.0344486328124997 -0.0918312500000003 -0.21953408203125 -0.0191786132812498 0.00330908203125281 -0.0124850585937502 0.0152361328124997 0.0556037109374993 -0.141875195312502 0.270113183593749 -0.1088119140625 0.109637792968751 -0.1174751953125 -0.21155078125 0.0449792968750011 0.167781542968752 -0.157228613281251 -0.153097265625 -0.335158007812502 0.298997167968751 -0.0650833984375031 -0.269774609375001 -0.0803945312500006 0.0299414062499976 -0.137404492187502 -0.142776171875 0.155649902343752 0.0776669921874975 0.144448437499999 -0.0190321289062524 -0.0495736328125023 -0.1265490234375 -0.0757353515625031 0.019804687499998 -0.14207958984375 0.00269296874999967 -0.0897369140625002 -0.164012597656252 0.0255302734374987 0.0396033203124976 -0.181727246093749 0.0673947265625005 -0.00669667968750041 -0.0250284179687479 -0.1463880859375 0.16799345703125 0.0625462890624997 -0.3139822265625 0.013245507812501 -0.119175292968752 -0.119966796875 -0.134615136718752 0.0125430664062495 0.319374023437501 0.110973437500002 0.330886132812502 -0.113304589843749 -0.10906201171875 -0.047887695312499 0.1118767578125 0.0496031250000006 -0.20814658203125 0.00116806640625049 -0.0797325195312501 -0.130966015625001 -0.0180393554687497 0.012127636718752 0.00179960937500126 -0.244352929687499 -0.0842514648437503 -0.110995703125 0.275106347656252 -0.0171145507812497 -0.355320800781252 -0.039931250000002 0.149536230468749 -0.0845091796875025 -0.0181252929687494 -0.0430365234375021
21 0.0033124999999998 -0.0298279296875 0.0423751953124999 0.0560199218750002 -0.0247300781249995 0.00923320312500037 0.00716386718750033 -0.12390625 0.0343712890625003 -0.046947265625 0.0724281250000004 0.0115671875000003 0.137451953125 0.0162224609375003 0.0137416015625001 0.115394921875 -0.0925798828125005 0.1474748046875 -0.0606408203125005 0.0842748046874996 0.385662109375 -0.00769335937499994 0.1458375 -0.0126119140624999 -0.0437041015625 0.0329431640624995 0.0530580078125 0.017684765625 -0.112626953125 0.0606589843750004 -0.0113486328124998 0.103594921875 0.00611308593749987 -0.020909765625 0.0326421874999999 0.0747898437499997 0.0136193359374996 0.00282402343750019 0.14121796875 0.0738839843750003 -0.0292337890625002 0.138658203125 -0.16246796875 0.0683015625000001 0.1876796875 0.0503878906250004 0.04198203125 0.0507560546874995 -0.122919140624999 -0.0311624999999999 -0.278011132812499 -0.0751410156249995 0.0221019531250001 0.239566796875 0.0700093750000003 0.1736001953125 0.1078921875 -0.014658203125 0.1338779296875 0.0682261718750002 0.105169140625 0.0466923828124998 0.0700144531249999 0.0202847656250001 -0.0363255859375004 -0.0063105468749999 -0.0777068359375 0.048258203125 0.125088671875 0.0691941406249998 0.3151025390625 0.10780390625 0.1079103515625 -0.0029357421874999 0.171019921875 0.118525 -0.0385308593750004 -0.0125435546875001 0.1653509765625 0.0494152343749998 0.0772160156249999 -0.0021750000000001 0.0175380859375 -0.00290136718750009 -0.0243650390624999 0.0242773437500002 0.0348931640625 -0.1755353515625 0.0914304687499997 0.0358535156249999 0.0413189453125 -0.00296328124999997 0.0167095703124996 0.0346615234374999 0.000614648437500445 0.0867218750000003 0.00896621093750025 -0.0291277343749995 -0.1693162109375 0.131973828125
22 -0.0376406250000001 0.0989482421875 -0.0308267578125 0.00278320312500018 0.119620703125 0.115685546875 0.0350251953125002 -0.107225 0.1695552734375 -0.041040234375 0.116721875 0.0788265625000002 0.0722605468749998 0.1802197265625 0.0968755859375 0.0437363281249997 -0.0327060546875004 0.0527455078124998 -0.1824263671875 0.0344486328124997 -0.00769335937499994 0.498330859375 -0.0356781249999999 0.0611541015625 -0.0433755859375 -0.0119853515625004 -0.0534845703125 0.144387109375 0.137089453125 0.0576535156250003 -0.00955292968749987 -0.050148046875 -0.0235740234375001 0.039509765625 0.1633359375 -0.0390617187500001 -0.0708802734375003 -0.0422162109374998 -0.0434460937499999 0.175600390625 -0.1126802734375 -0.100476953125 -0.0823789062499997 0.00847968750000009 0.1087234375 0.196718359375 -0.10323828125 -0.1412294921875 0.0353691406250003 -0.0709999999999999 0.1675626953125 0.251019140625 -0.0526300781249999 0.162811328125 0.22960625 -0.0889955078124999 -0.0462484374999999 -0.0722449218749999 0.0451111328125003 -0.0588261718749998 0.148380859375 0.1886123046875 0.158244921875 0.034377734375 -0.00441347656250029 -0.0156300781249999 -0.1353728515625 0.137669921875 0.144205078125 0.151712109375 0.2557208984375 -0.01372890625 -0.0805931640624997 0.0245310546875 0.171964453125 -0.00883437500000028 -0.115503515625 -0.0605080078125001 -0.0442931640624999 0.0830628906249998 0.139940234375 0.161803125 -0.1782990234375 0.0887935546874999 0.00203535156250002 -0.0127117187499998 -0.1163728515625 -0.00783183593750031 -0.0431429687500001 -0.071406640625 0.0159482421875 -0.05349296875 0.0207013671874997 -0.1864162109375 0.0838744140625003 0.0550000000000002 0.0757541015625001 0.0747714843750003 -0.0141509765625001 0.0613980468750002
